# oST version 5.0 parameters

[image]

width
1392

height
512

[narrow_stereo/left]

camera matrix
9.597910e+02 0.000000e+00 6.960217e+02
0.000000e+00 9.569251e+02 2.241806e+02
0.000000 0.000000 1.000000

distortion
-3.691481e-01 1.968681e-01 1.353473e-03 5.677587e-04 -6.770705e-02

rectification
0.999751 0.000835 0.022298
-0.000745 0.999992 -0.004020
-0.022301 0.004002 0.999743

projection
7.215377e+02 0.000000e+00 6.095593e+02 4.485728e+01
0.000000e+00 7.215377e+02 1.728540e+02 2.163791e-01
0.000000e+00 0.000000e+00 1.000000e+00 2.745884e-03
